-1.000000000000000000e+02 1.376419215833035725e-06 -1.926684823319121413e-16 -6.450338415585343821e-07 9.230626297675347211e-18
-9.960937500000000000e+01 1.327412179341624920e-06 -2.498668854947205809e-07 -6.289280698214272380e-07 8.223023214323603447e-08
-9.921875000000000000e+01 1.182841723956773450e-06 -4.872217017996838262e-07 -5.811525867586986305e-07 1.616876815382743693e-07
-9.882812500000000000e+01 9.499771768534115424e-07 -6.999752487774069110e-07 -5.033294846364111397e-07 2.356175385883133022e-07
-9.843750000000000000e+01 6.406591704297137646e-07 -8.768812390300140258e-07 -3.981496416866070476e-07 3.013073444808889167e-07
-9.804687500000000000e+01 2.708893382663557503e-07 -1.007949724955714554e-06 -2.693495220213587560e-07 3.561235195070899806e-07
-9.765625000000000000e+01 -1.397393125318960316e-07 -1.084848276849958992e-06 -1.216705789591765452e-07 3.975645152930890047e-07
-9.726562500000000000e+01 -5.687650671635374744e-07 -1.101282768110889432e-06 3.920581990307647757e-08 4.233332627778807478e-07
-9.687500000000000000e+01 -9.917231789981217904e-07 -1.053346706372804142e-06 2.067556509541268461e-07 4.314293806893798600e-07
-9.648437500000000000e+01 -1.383139620537987557e-06 -9.398250661318829913e-07 3.737490880688278810e-07 4.202591502074776164e-07
-9.609375000000000000e+01 -1.717631948033870870e-06 -7.624358998523095288e-07 5.324330883283573401e-07 3.887587266167280564e-07
-9.570312500000000000e+01 -1.971089370000900232e-06 -5.259910152294322572e-07 6.747635982323751946e-07 3.365236371736385346e-07
-9.531250000000000000e+01 -2.121896577042536869e-06 -2.384560748303066191e-07 7.926881267286689514e-07 2.639354967273049857e-07
-9.492187500000000000e+01 -2.152158256357727950e-06 8.910908112086390886e-08 8.784755520033216136e-07 1.722752412999101201e-07
-9.453125000000000000e+01 -2.048874060744942938e-06 4.427470175101533290e-07 9.250856335095425376e-07 6.381119612829805332e-08
-9.414062500000000000e+01 -1.805007804472902322e-06 8.059494792152926967e-07 9.265660701820999101e-07 -5.814991016787549039e-08
-9.375000000000000000e+01 -1.420390512679725603e-06 1.160161998794637106e-06 8.784604017958441702e-07 -1.892602098048151368e-07
-9.335937500000000000e+01 -9.023953473907830869e-07 1.485446631324660594e-06 7.782059440880617629e-07 -3.241858878267299404e-07
-9.296875000000000000e+01 -2.663239989930676899e-07 1.761294302831534209e-06 6.254976334524320336e-07 -4.567274778446983596e-07
-9.257812500000000000e+01 4.645506406775190555e-07 1.967568367049893352e-06 4.225914735159208568e-07 -5.800091351267078199e-07
-9.218750000000000000e+01 1.259331480485403887e-06 2.085550490894816367e-06 1.745205248718240121e-07 -6.867367573198251973e-07
-9.179687500000000000e+01 2.080266530826713200e-06 2.099049541723352341e-06 -1.108027008426409887e-07 -7.695203018461688194e-07
-9.140625000000000000e+01 2.883955829702244955e-06 1.995524414710736494e-06 -4.226208302066103428e-07 -8.212508416649555443e-07
-9.101562500000000000e+01 3.622990475328491389e-06 1.767163448046504826e-06 -7.475219481888235873e-07 -8.355180799342332154e-07
-9.062500000000000000e+01 4.247994568308544050e-06 1.411856957872492657e-06 -1.069797918304589424e-06 -8.070495087185436400e-07
-9.023437500000000000e+01 4.710015334991740632e-06 9.339961725834955431e-07 -1.371974829041285038e-06 -7.321484594945137925e-07
-8.984375000000000000e+01 4.963180559317686980e-06 3.450320538236906209e-07 -1.635510178623136857e-06 -6.091052623079240558e-07
-8.945312500000000000e+01 4.967517143504053545e-06 -3.362683815219535965e-07 -1.841640936663807571e-06 -4.385538919723930285e-07
-8.906250000000000000e+01 4.691801733635453386e-06 -1.083922300811057671e-06 -1.972355702838102243e-06 -2.237460781100326923e-07
-8.867187500000000000e+01 4.116295548691611961e-06 -1.865229340810431458e-06 -2.011453419721587199e-06 2.928392225324399911e-08
-8.828125000000000000e+01 3.235202471175979699e-06 -2.641692776118864661e-06 -1.945641147346743871e-06 3.116877359423233032e-07
-8.789062500000000000e+01 2.058683604477806739e-06 -3.370368146857552483e-06 -1.765614955708677547e-06 6.119236048594475785e-07
-8.750000000000000000e+01 6.142641599191089874e-07 -4.005620760230612504e-06 -1.467061711581812977e-06 9.160421859766114394e-07
-8.710937500000000000e+01 -1.052519350903946549e-06 -4.501248393785212132e-06 -1.051516050884493403e-06 1.208142285605111332e-06
-8.671875000000000000e+01 -2.878361540573082245e-06 -4.812899714004559293e-06 -5.270066699460118631e-07 1.470992300352941262e-06
-8.632812500000000000e+01 -4.783418009988993358e-06 -4.900693765588770567e-06 9.157036244197835906e-08 1.686803218403989946e-06
-8.593750000000000000e+01 -6.673578915136757495e-06 -4.731922891293774414e-06 7.824060405817526154e-07 1.838128761213163320e-06
-8.554687500000000000e+01 -8.443792637185393302e-06 -4.283702171089392996e-06 1.517103848993131554e-06 1.908858157897291852e-06
-8.515625000000000000e+01 -9.982389542816799688e-06 -3.545414453201556348e-06 2.261404090853156440e-06 1.885257729465454613e-06
-8.476562500000000000e+01 -1.117629519192114840e-05 -2.520792703328972317e-06 2.976316304773842999e-06 1.757009524194601269e-06
-8.437500000000000000e+01 -1.191696035469230752e-05 -1.229481924623632150e-06 3.619647500535563660e-06 1.518189284207931145e-06
-8.398437500000000000e+01 -1.210677509996815893e-05 2.920677982208574885e-07 4.147890636140710852e-06 1.168122587107307819e-06
-8.359375000000000000e+01 -1.166567955446402849e-05 1.990506981849188284e-06 4.518413679375707370e-06 7.120575675331405896e-07
-8.320312500000000000e+01 -1.053763836885920901e-05 3.796393055314345455e-06 4.691865992647627215e-06 1.615955410949956872e-07
-8.281250000000000000e+01 -8.696613043063239346e-06 5.625962340881016099e-06 4.634697008396200524e-06 -4.651726572208261801e-07
-8.242187500000000000e+01 -6.151649365390698954e-06 7.383887971329841649e-06 4.321663633765834844e-06 -1.143866702273642344e-06
-8.203125000000000000e+01 -2.950699117716670816e-06 8.966992856883522489e-06 3.738188927434119013e-06 -1.844381684575633132e-06
-8.164062500000000000e+01 8.171820053207157208e-07 1.026883135211813236e-05 2.882426620710171195e-06 -2.531829717885496038e-06
-8.125000000000000000e+01 5.021573417383906612e-06 1.118499603789215903e-05 1.766885119517877523e-06 -3.167850846538290688e-06
-8.085937500000000000e+01 9.492611627526237328e-06 1.161894995031862582e-05 4.194715733530501867e-07 -3.712264852998373166e-06
-8.046875000000000000e+01 1.402525292169831683e-05 1.148813284951831493e-05 -1.116168058500066618e-06 -4.125013756626702555e-06
-8.007812500000000000e+01 1.838592734943952922e-05 1.073004603935855117e-05 -2.781113170285086367e-06 -4.368323285513196763e-06
-7.968750000000000000e+01 2.232151231756560050e-05 9.307987091495412146e-06 -4.502505140309767673e-06 -4.408991614374396101e-06
-7.929687500000000000e+01 2.557042146528534787e-05 7.216086627645154628e-06 -6.195785372856230794e-06 -4.220696463933491793e-06
-7.890625000000000000e+01 2.787546752770764247e-05 4.483296679742843072e-06 -7.767818434464401206e-06 -3.786198504035671875e-06
-7.851562500000000000e+01 2.899802346922886187e-05 1.175996072600229980e-06 -9.120834549793902651e-06 -3.099311055457330127e-06
-7.812500000000000000e+01 2.873288179883366766e-05 -2.601086043831427053e-06 -1.015707438158466348e-05 -2.166504335913369689e-06
-7.773437500000000000e+01 2.692310546591886178e-05 -6.705871687162634487e-06 -1.078396833245924211e-05 -1.008017691383773090e-06
-7.734375000000000000e+01 2.347408277507965005e-05 -1.096202881905282422e-05 -1.091963538162477737e-05 3.416341697571288749e-07
-7.695312500000000000e+01 1.836595052343188705e-05 -1.516423545150358265e-05 -1.049844561714675939e-05 1.833854895326751319e-06
-7.656250000000000000e+01 1.166354024811216972e-05 -1.908558267013117649e-05 -9.476359002893834649e-06 3.406926970885427834e-06
-7.617187500000000000e+01 3.523036867954937312e-06 -2.248696958992608963e-05 -7.835733176481639306e-06 4.987772259644604120e-06
-7.578125000000000000e+01 -5.805379904454469053e-06 -2.512822167314221131e-05 -5.589287485575564207e-06 6.494507168354631509e-06
-7.539062500000000000e+01 -1.597951238789009631e-05 -2.678054312898916871e-05 -2.782920783634887374e-06 7.839744598902437245e-06
-7.500000000000000000e+01 -2.657216644518824167e-05 -2.723980072834555530e-05 5.028921935823493783e-07 8.934550612285955748e-06
-7.460937500000000000e+01 -3.708342781206554195e-05 -2.634003702571704152e-05 4.153356453302867873e-06 9.692919778976887696e-06
-7.421875000000000000e+01 -4.695815207387057932e-05 -2.396653236335765519e-05 8.021433612925062823e-06 1.003659178840663260e-05
-7.382812500000000000e+01 -5.560835020057379452e-05 -2.006768342625170343e-05 1.193183261386952451e-05 9.899995381669295103e-06
-7.343750000000000000e+01 -6.243986065972498278e-05 -1.466494706257176484e-05 1.568691732352074479e-05 9.235076367782122514e-06
-7.304687500000000000e+01 -6.688240789904341399e-05 -7.860116026307643888e-06 1.907443482220450189e-05 8.015746566704612733e-06
-7.265625000000000000e+01 -6.842187051169477952e-05 1.607487491658843304e-07 2.187686330279567035e-05 6.241681940689610200e-06
-7.226562500000000000e+01 -6.663333661193100721e-05 9.127305486793246825e-06 2.388207277245258699e-05 3.941202544079742617e-06
-7.187500000000000000e+01 -6.121332492278752646e-05 1.868927478195815672e-05 2.489489044321278530e-05 1.172985418316629252e-06
-7.148437500000000000e+01 -5.200941319721905792e-05 2.842539731520536683e-05 2.474907149421041661e-05 -1.973605178137152402e-06
-7.109375000000000000e+01 -3.904545469896828630e-05 3.785705431070401916e-05 2.331910057233967971e-05 -5.379737788719892236e-06
-7.070312500000000000e+01 -2.254058998563297778e-05 4.646636323034965960e-05 2.053119561880008617e-05 -8.899989559747658457e-06
-7.031250000000000000e+01 -2.920383296989639832e-06 5.371830949029484520e-05 1.637285856744170875e-05 -1.236690884148751099e-05
-6.992187500000000000e+01 1.918136546755731808e-05 5.908621867850485238e-05 1.090032157959530332e-05 -1.559721106042088329e-05
-6.953125000000000000e+01 4.293126157321053293e-05 6.207962569772197334e-05 4.243276058027260766e-06 -1.839946307704122888e-05
-6.914062500000000000e+01 6.731612380316692734e-05 6.227337132901338695e-05 -3.393653446554217162e-06 -2.058301744020120914e-05
-6.875000000000000000e+01 9.117417979368457048e-05 5.933656715877507924e-05 -1.173311709869260394e-05 -2.196786648530604704e-05
-6.835937500000000000e+01 1.132373078650533021e-04 5.305993052291723203e-05 -2.043121045100168565e-05 -2.239500250284269176e-05
-6.796875000000000000e+01 1.321833824260258694e-04 4.337991479999017339e-05 -2.908771307036026044e-05 -2.173679985719508163e-05
-6.757812500000000000e+01 1.466971618555093504e-04 3.039805769330331670e-05 -3.726030039807046515e-05 -1.990688345885867697e-05
-6.718750000000000000e+01 1.555375542446413642e-04 1.439404887266029776e-05 -4.448241865747000479e-05 -1.686892033016750524e-05
-6.679687500000000000e+01 1.576085402621042048e-04 -4.168817330610016803e-06 -5.028429166635062578e-05 -1.264377112245832109e-05
-6.640625000000000000e+01 1.520305572574160401e-04 -2.464688861707198253e-05 -5.421631337504113739e-05 -7.314468933891085309e-06
-6.601562500000000000e+01 1.382087871963572686e-04 -4.622885450166879656e-05 -5.587388293520488720e-05 -1.028554548049764525e-06
-6.562500000000000000e+01 1.158945730399432543e-04 -6.795825067987346785e-05 -5.492257220050052353e-05 6.002610703895834218e-06
-6.523437500000000000e+01 8.523613905511186195e-05 -8.876565981725224874e-05 -5.112239010970280433e-05 1.350781372982967111e-05
-6.484375000000000000e+01 4.681492929664316655e-05 -1.075100016762762026e-04 -4.434983427442336715e-05 2.116335704173736253e-05
-6.445312500000000000e+01 1.664216341373814245e-06 -1.230277889391982044e-04 -3.461640505553046678e-05 2.860378253997540240e-05
-6.406250000000000000e+01 -4.873282848846111071e-05 -1.341887150883526100e-04 -2.208230664763792886e-05 3.543574080715921649e-05
-6.367187500000000711e+01 -1.024676792439876277e-04 -1.399554629146686040e-04 -7.064175497674320819e-06 4.125462418760688331e-05
-6.328125000000000000e+01 -1.572547805980192837e-04 -1.394452026115943627e-04 9.964141925876759953e-06 4.566341666510545343e-05
-6.289062500000000000e+01 -2.105037635324654571e-04 -1.319899120977955113e-04 2.837849601977464331e-05 4.829306106548018028e-05
-6.250000000000000000e+01 -2.594144920073510052e-04 -1.171924223836144250e-04 4.741945963105450440e-05 4.882351097197819290e-05
-6.210937500000000000e+01 -3.010926467628353281e-04 -9.497498769294203044e-05 6.621555915158148370e-05 4.700452679138537437e-05
-6.171875000000000000e+01 -3.326823052289349519e-04 -6.561722008118983651e-05 8.381441431034100664e-05 4.267519786043327216e-05
-6.132812499999999289e+01 -3.515107749341040561e-04 -2.978042322166439548e-05 9.922108266317061082e-05 3.578113016017189481e-05
-6.093750000000000000e+01 -3.552398437548804494e-04 1.148428373388098167e-05 1.114424887053979893e-04 2.638823682261167043e-05
-6.054687500000000000e+01 -3.420166871143047981e-04 5.674614347729936559e-05 1.195364091059478509e-04 1.469211095994301698e-05
-6.015625000000000000e+01 -3.106169819031487367e-04 1.042246573872661342e-04 1.226631032013379523e-04 1.022052256494099254e-06
-5.976562500000000000e+01 -2.605723775492216343e-04 1.518398063151890631e-04 1.201373418557435610e-04 -1.416103525697697332e-05
-5.937499999999999289e+01 -1.922744172957076281e-04 1.972822671379055592e-04 1.114783199271303935e-04 -3.027345337796487693e-05
-5.898437500000000000e+01 -1.070473279495831598e-04 2.381022766834127447e-04 9.645476064678280576e-05 -4.662454492830201899e-05
-5.859375000000000000e+01 -7.182830836886811010e-06 2.718147267527313421e-04 7.512245676411693010e-05 -6.243955290262956717e-05
-5.820312500000000000e+01 1.040687201273211848e-04 2.960170068614063899e-04 4.785156393666625818e-05 -7.688913589708537555e-05
-5.781250000000000000e+01 2.225550064696157904e-04 3.085151007709042992e-04 1.534118299719236522e-05 -8.912477093364840411e-05
-5.742187500000000711e+01 3.433284177895325195e-04 3.074525498324293116e-04 -2.138085087735434875e-05 -9.831885956111804589e-05
-5.703125000000000000e+01 4.608026771444929948e-04 2.914361836390761198e-04 -6.097451202452964375e-05 -1.037079507475039200e-04
-5.664062500000000000e+01 5.689568839277597823e-04 2.596520474698032349e-04 -1.018213095013284150e-04 -1.046371362128270229e-04
-5.625000000000000000e+01 6.615818277286890370e-04 2.119647806859788403e-04 -1.420752247256896333e-04 -1.006033941548162606e-04
-5.585937500000000000e+01 7.325608118064971808e-04 1.489938628751648082e-04 -1.797299867145355987e-04 -9.129548785836842130e-05
-5.546875000000000000e+01 7.761747439559672779e-04 7.216067064979648019e-05 -2.127008639015437463e-04 -7.662799275976524705e-05
-5.507812499999999289e+01 7.874190493483423925e-04 -1.629881759042470929e-05 -2.389182220302200205e-04 -5.676714564492222302e-05
-5.468750000000000000e+01 7.623181754404882021e-04 -1.133595873034215495e-04 -2.564292457236548237e-04 -3.214648617560936054e-05
-5.429687500000000000e+01 6.982222224915009962e-04 -2.152737900354114234e-04 -2.635035063650495012e-04 -3.470682288455109732e-06
-5.390625000000000000e+01 5.940696530416147286e-04 -3.176781523069388199e-04 -2.587375327602059460e-04 2.829352921199321941e-05
-5.351562500000000000e+01 4.506001896793423306e-04 -4.157412030630280517e-04 -2.411532426972958268e-04 6.193973627777464748e-05
-5.312500000000000711e+01 2.705029477941922438e-04 -5.043469052750373591e-04 -2.102850450075801790e-04 9.605737714676117374e-05
-5.273437500000000000e+01 5.848657614811072873e-05 -5.783092816167897249e-04 -1.662506261177684741e-04 1.290795603287012323e-04
-5.234375000000000000e+01 -1.787393379916804039e-04 -6.326107554777632772e-04 -1.098008769971563865e-04 1.593417671798356278e-04
-5.195312500000000000e+01 -4.325791677696083116e-04 -6.626552741536939455e-04 -4.234506530137048703e-05 1.851495439826843226e-04
-5.156250000000000000e+01 -6.927662514377250658e-04 -6.645259140986997399e-04 3.405182666470500837e-05 2.048529180214849171e-04
-5.117187500000000711e+01 -9.476775693826979593e-04 -6.352356455102811314e-04 1.167017371659427420e-04 2.169250045455710873e-04
-5.078125000000000000e+01 -1.184743099576987969e-03 -5.729592963729939099e-04 2.023572445994762129e-04 2.200420861959829057e-04
-5.039062500000000000e+01 -1.390940128318752123e-03 -4.772345331482810487e-04 2.873063926706867412e-04 2.131623073632742127e-04
-5.000000000000000000e+01 -1.553358061300029415e-03 -3.491198883182761994e-04 3.674975005959566637e-04 1.955999924455027815e-04
-4.960937500000000000e+01 -1.659814719922764973e-03 -1.912985347702420968e-04 4.386916391770403481e-04 1.670924358813639129e-04
-4.921875000000000000e+01 -1.699500902436290248e-03 -8.117658298767036970e-06 4.966391841582472452e-04 1.278558103112911173e-04
-4.882812500000000000e+01 -1.663626332780095227e-03 1.944450571833814152e-04 5.372755047025780514e-04 7.862661618665090033e-05
-4.843750000000000000e+01 -1.546037218509187195e-03 4.088941084935788454e-04 5.569294086218875813e-04 2.068490900748130032e-05
-4.804687500000000000e+01 -1.343773711612486314e-03 6.264115115481919387e-04 5.525364786457076603e-04 -4.414451577347159672e-05
-4.765625000000000000e+01 -1.057534838417187838e-03 8.371349337450524272e-04 5.218479699907526293e-04 -1.135166027820472333e-04
-4.726562500000000000e+01 -6.920191589094001677e-04 1.030514846005379636e-03 4.636246233527830654e-04 -1.846192236505127303e-04
-4.687500000000000000e+01 -2.561117303240523745e-04 1.195742553401090216e-03 3.778037513764226298e-04 -2.542570398983425798e-04
-4.648437500000000000e+01 2.371079658794982004e-04 1.322236303148995561e-03 2.656274862150109577e-04 -3.189663891264447795e-04
-4.609375000000000000e+01 7.705565514763597357e-04 1.400167962334110741e-03 1.297203435218597734e-04 -3.751593962874012408e-04
-4.570312500000000000e+01 1.323547432541153507e-03 1.421008330828805837e-03 -2.589455228547607978e-05 -4.192929676138218952e-04
-4.531250000000000000e+01 1.872404002036004433e-03 1.378065392800846035e-03 -1.958490110797795648e-04 -4.480556103195554654e-04
-4.492187500000000000e+01 2.391277127686806253e-03 1.266987123136619625e-03 -3.735582487781451827e-04 -4.585624497570324302e-04
-4.453125000000000000e+01 2.853147309117325808e-03 1.086199240805005208e-03 -5.514252607800008109e-04 -4.485467472111045930e-04
-4.414062500000000000e+01 3.230980368317832446e-03 8.372488507612852772e-04 -7.211172309709301675e-04 -4.165350080946565595e-04
-4.375000000000000000e+01 3.498994610907142644e-03 5.250274209569335496e-04 -8.739050119105570835e-04 -3.619926950597553562e-04
-4.335937500000000000e+01 3.633987834096186198e-03 1.578510108388342555e-04 -1.001051834536964037e-03 -2.854287802868534733e-04
-4.296875000000000000e+01 3.616665098464488109e-03 -2.526180835951854879e-04 -1.094233259008093630e-03 -1.884498747754626089e-04
-4.257812500000000000e+01 3.432903451348803120e-03 -6.916164550729931096e-04 -1.145967431222841629e-03 -7.375826281760724384e-05
-4.218750000000000000e+01 3.074888234919345709e-03 -1.141691163222342993e-03 -1.150033319167824072e-03 5.490752535994335506e-05
-4.179687500000000000e+01 2.542057441690684372e-03 -1.583268737952957944e-03 -1.101854952696585451e-03 1.928864598665543106e-04
-4.140625000000000000e+01 1.841795741358114025e-03 -1.995364344849044624e-03 -9.988317468987782232e-04 3.347558027349236201e-04
-4.101562500000000000e+01 9.898279850247895806e-04 -2.356406711464996417e-03 -8.405984897725973879e-04 4.745285005079845526e-04
-4.062500000000000000e+01 1.027266801635270954e-05 -2.645148850641135599e-03 -6.292030444961037956e-04 6.058750119967335444e-04
-4.023437500000000000e+01 -1.064671673318924594e-03 -2.841630888009386013e-03 -3.691946214415963053e-04 7.223574424960375016e-04
-3.984375000000000000e+01 -2.195420566264050417e-03 -2.928159399400586879e-03 -6.761990884018506676e-05 8.176657019002588067e-04
-3.945312500000000000e+01 -3.336077627148489183e-03 -2.890267311563885985e-03 2.660722518759541314e-04 8.858487930020228322e-04
-3.906250000000000000e+01 -4.435873995706393971e-03 -2.717619107074627921e-03 6.202150949771939939e-04 9.215386634656496734e-04
-3.867187500000000000e+01 -5.440945102445938868e-03 -2.404827152896257293e-03 9.811943770594716563e-04 9.201684102052456017e-04
-3.828125000000000000e+01 -6.296403519209509483e-03 -1.952145791533449644e-03 1.333803746146543581e-03 8.781898911808924593e-04
-3.789062500000000000e+01 -6.948653655464865492e-03 -1.366009910457516730e-03 1.661686003468092025e-03 7.932968260856128676e-04
-3.750000000000000000e+01 -7.347880929500128985e-03 -6.593838951038541408e-04 1.947863296730647197e-03 6.646573064878196369e-04
-3.710937500000000000e+01 -7.450634466361722927e-03 1.481144908708164048e-04 2.175359798340081516e-03 4.931538158820282514e-04
-3.671875000000000000e+01 -7.222408292636598587e-03 1.030351782337799674e-03 2.327917976777083790e-03 2.816196408841811077e-04
-3.632812500000000000e+01 -6.640111799771902107e-03 1.955113833052479939e-03 2.390803032797070120e-03 3.504909938389574875e-05
-3.593750000000000000e+01 -5.694306936463035262e-03 2.884869821497249541e-03 2.351678948512929933e-03 -2.392526043729767057e-04
-3.554687500000001421e+01 -4.391078858297526449e-03 3.777887555476946296e-03 2.201524349492831652e-03 -5.316230879712472053e-04
-3.515624999999998579e+01 -2.753400915437582107e-03 4.589706541711496661e-03 1.935538620907422801e-03 -8.301466190741289049e-04
-3.476562500000000000e+01 -8.218565715302729099e-04 5.274952441046112245e-03 1.553971182080376295e-03 -1.120949757380088974e-03
-3.437500000000000000e+01 1.345407250303653308e-03 5.789447446272712010e-03 1.062793052459625647e-03 -1.388715986383608474e-03
-3.398437500000000000e+01 3.673596752630024602e-03 6.092538008346437030e-03 4.741235974355377959e-04 -1.617422732756470388e-03
-3.359375000000000000e+01 6.073121837343853011e-03 6.149527793894831069e-03 -1.936701832431313424e-04 -1.791273669604629250e-03
-3.320312500000000000e+01 8.442394975317617234e-03 5.934074378742063005e-03 -9.162674670010273817e-04 -1.895766481723615976e-03
-3.281250000000000000e+01 1.067153307125812481e-02 5.430387887290458182e-03 -1.664116880268548797e-03 -1.918807080466491347e-03
-3.242187500000000000e+01 1.264685199189619948e-02 4.635062955349121550e-03 -2.403586553999282303e-03 -1.851761406107179731e-03
-3.203125000000000000e+01 1.425597886938910486e-02 3.558384994368538404e-03 -3.098494096544912937e-03 -1.690330018291322104e-03
-3.164062500000001421e+01 1.539334987670924748e-02 2.224978644881791916e-03 -3.711926239004644142e-03 -1.435140913733404158e-03
-3.125000000000001421e+01 1.596581743598571301e-02 6.737089709509474318e-04 -4.208221646554160741e-03 -1.091981888974356699e-03
-3.085937499999998579e+01 1.589806622589262988e-02 -1.043199543023332109e-03 -4.554966818806323661e-03 -6.716321667308776085e-04
-3.046875000000000000e+01 1.513753544595549186e-02 -2.861800572955724813e-03 -4.724848096553442567e-03 -1.892990110620535946e-04
-3.007812500000000000e+01 1.365856660401104823e-02 -4.708734831733386167e-03 -4.697214415902900564e-03 3.362870525808641427e-04
-2.968750000000000000e+01 1.146553984942471488e-02 -6.504073431097103300e-03 -4.459235211836895876e-03 8.840207543860240363e-04
-2.929687500000000000e+01 8.594823070626705572e-03 -8.164522172415913590e-03 -4.006583203361221285e-03 1.431681871438283049e-03
-2.890625000000000000e+01 5.115429752873929328e-03 -9.606796494713663176e-03 -3.343628085795745906e-03 1.957153326697227101e-03
-2.851562500000000000e+01 1.128355444346691543e-03 -1.075098319069934215e-02 -2.483187878925917705e-03 2.439443219535626997e-03
-2.812500000000000000e+01 -3.235370554014873473e-03 -1.152373464309054858e-02 -1.445941527248143649e-03 2.859378263356648214e-03
-2.773437500000000000e+01 -7.817830528036652168e-03 -1.186119086697552151e-02 -2.596496666402536672e-04 3.199883723174943261e-03
-2.734375000000001421e+01 -1.243844395762498667e-02 -1.171158681242424025e-02 1.041649786363484922e-03 3.445837534693753888e-03
-2.695312499999998579e+01 -1.689915263145118016e-02 -1.103756618253806665e-02 2.418317201267441638e-03 3.583577989751523477e-03
-2.656250000000000000e+01 -2.099046352847844590e-02 -9.818274616823229745e-03 3.825554259050919278e-03 3.600243077975587291e-03
-2.617187500000000000e+01 -2.449828209252577493e-02 -8.051329651081120739e-03 5.213598093863396933e-03 3.483206957961337835e-03
-2.578125000000000000e+01 -2.721150502118725029e-02 -5.754749351492605830e-03 6.527765816436501348e-03 3.219932290813506959e-03
-2.539062500000000000e+01 -2.893036290291721435e-02 -2.968858110447171808e-03 7.708574537082039588e-03 2.798552587147248513e-03
-2.500000000000000000e+01 -2.947549010269744432e-02 2.419222657396177486e-04 8.692271487085918152e-03 2.209416955350015747e-03
-2.460937500000000000e+01 -2.869763592565875016e-02 3.787632765230871702e-03 9.412169697150371897e-03 1.447662375544099024e-03
-2.421875000000000000e+01 -2.648780840739629883e-02 7.552078940897291766e-03 9.801164752173605749e-03 5.166356997676071301e-04
-2.382812500000000000e+01 -2.278746344093471321e-02 1.139339050720998212e-02 9.795683616360394488e-03 -5.682971507696412891e-04
-2.343750000000000000e+01 -1.759813643048184842e-02 1.514641066286960547e-02 9.341081907042733667e-03 -1.776284393721538164e-03
-2.304687500000001421e+01 -1.098969678623593418e-02 1.862743256599070849e-02 8.398183129460825777e-03 -3.058764419884629077e-03
-2.265624999999998579e+01 -3.106235923577423466e-03 2.164161078382341799e-02 6.950295891799275483e-03 -4.349379376606440917e-03
-2.226562500000000000e+01 5.831469486121764953e-03 2.399305238122159331e-02 5.009733906806271286e-03 -5.566684582316770019e-03
-2.187500000000000000e+01 1.552789914620953532e-02 2.549717166115484865e-02 2.622690577940551757e-03 -6.619847409345207788e-03
-2.148437500000000000e+01 2.561986521526764260e-02 2.599444431388795579e-02 -1.286385912092922806e-04 -7.416915741237413082e-03
-2.109375000000000000e+01 3.568903612401381348e-02 2.536431255476440105e-02 -3.127505902281129627e-03 -7.874623520790390713e-03
-2.070312500000000000e+01 4.527968270072632584e-02 2.353776387852767049e-02 -6.227957491356374969e-03 -7.928268925780721649e-03
-2.031250000000000000e+01 5.392083446325691976e-02 2.050709638177767788e-02 -9.263794117834359132e-03 -7.540092436054431253e-03
-1.992187500000000000e+01 6.115148976956319427e-02 1.633160917601184092e-02 -1.206028999173906768e-02 -6.704839156023829905e-03
-1.953125000000000000e+01 6.654710801282978649e-02 1.113837913788991163e-02 -1.444739703726648228e-02 -5.451724480623393321e-03
-1.914062500000001421e+01 6.974538769984388320e-02 5.117825942811267750e-03 -1.627297985801851379e-02 -3.842649127922693336e-03
-1.874999999999998579e+01 7.046932891483222161e-02 -1.485667060978137881e-03 -1.741467419086051294e-02 -1.967029451927084643e-03
-1.835937499999998579e+01 6.854578599804395100e-02 -8.387295856951465858e-03 -1.778917013255574414e-02 6.609553478270613867e-05
-1.796875000000000000e+01 6.391810560535610142e-02 -1.527834787821543208e-02 -1.735800242437123692e-02 2.137928563497232693e-03
-1.757812500000000000e+01 5.665197452191544913e-02 -2.184418780221619727e-02 -1.612922719393642540e-02 4.130977966424519490e-03
-1.718750000000000000e+01 4.693422527370105790e-02 -2.778203990657401867e-02 -1.415468261771857597e-02 5.940439208762999558e-03
-1.679687500000000000e+01 3.506501646450625731e-02 -3.281684493106795664e-02 -1.152292386859918305e-02 7.484738461879610408e-03
-1.640625000000000000e+01 2.144445818429180708e-02 -3.671360195974482377e-02 -8.348444338741711768e-03 8.713723827299652003e-03
-1.601562500000000000e+01 6.555311240340814388e-03 -3.928496786343650682e-02 -4.758439942106246906e-03 9.612760456558280472e-03
-1.562500000000000000e+01 -9.056244752804941400e-03 -4.039351006229673080e-02 -8.790410115517000283e-04 1.020113547498992940e-02
-1.523437500000000000e+01 -2.479970473954549309e-02 -3.994886790482077288e-02 3.176556473343007236e-03 1.052386287337983908e-02
-1.484375000000001421e+01 -4.005741502140147681e-02 -3.790106975398627176e-02 7.315491879631140851e-03 1.063716986548192585e-02
-1.445312499999998579e+01 -5.419873219996532154e-02 -3.423219790063317114e-02 1.146600010958424322e-02 1.058943177560563859e-02
-1.406250000000000000e+01 -6.659106375139124678e-02 -2.894926914684831099e-02 1.557033972849610273e-02 1.040078265629697588e-02
-1.367187500000000000e+01 -7.660886567772477729e-02 -2.208138665199248230e-02 1.957019175632171426e-02 1.004574194806709050e-02
-1.328125000000000000e+01 -8.364279827519643939e-02 -1.368375185258165899e-02 2.338664952796437602e-02 9.443704247495703433e-03
-1.289062500000000000e+01 -8.711204247861185912e-02 -3.849929220777694068e-03 2.689878323374508134e-02 8.461832580683946101e-03
-1.250000000000000000e+01 -8.648297672400222236e-02 7.268119244285871014e-03 2.992631368368517397e-02 6.933566031452589179e-03
-1.210937500000000000e+01 -8.129677681217434282e-02 1.943506279642255585e-02 3.222272467454884853e-02 4.693376568275061528e-03
-1.171875000000000000e+01 -7.120691418464591971e-02 3.230755631927825777e-02 3.348466674459416731e-02 1.624483088861953086e-03
-1.132812500000000000e+01 -5.602507037039500259e-02 4.541709614129834510e-02 3.338127354919467882e-02 -2.288714467545400685e-03
-1.093750000000000000e+01 -3.577100047244494152e-02 5.816821083164604167e-02 3.160282166097193313e-02 -6.916526484487536992e-03
-1.054687500000001421e+01 -1.071900048682898968e-02 6.985851588517258404e-02 2.792245372431366446e-02 -1.196379529589970681e-02
-1.015624999999998579e+01 1.856828415262760240e-02 7.972353686885730317e-02 2.225883131831422543e-02 -1.698702756748840526e-02
-9.765625000000000000e+00 5.122806383840415589e-02 8.700362212075256341e-02 1.472382316269360558e-02 -2.145364262611077627e-02
-9.375000000000000000e+00 8.611470349239661037e-02 9.102401793681273723e-02 5.640034340051242739e-03 -2.483437066287474959e-02
-8.984375000000000000e+00 1.218486742168418957e-01 9.127430654863442905e-02 -4.480642816262783885e-03 -2.670560866623658547e-02
-8.593750000000000000e+00 1.568939107441491010e-01 8.747198969711872385e-02 -1.499538584625951902e-02 -2.683083088349518322e-02
-8.203125000000000000e+00 1.896548474300599474e-01 7.959814154256156238e-02 -2.521197885653279208e-02 -2.519449997436357114e-02
-7.812500000000000000e+00 2.185809660872819749e-01 6.790008758933099853e-02 -3.447233361538490359e-02 -2.197847596613668880e-02
-7.421875000000000000e+00 2.422663812030363406e-01 5.286455124762263341e-02 -4.221720377921785866e-02 -1.749310835851476328e-02
-7.031250000000000000e+00 2.595347472804003797e-01 3.517139615477810066e-02 -4.801979770339174364e-02 -1.209269601272311770e-02
-6.640625000000014211e+00 2.695043501535124841e-01 1.564042120068387734e-02 -5.158894531237340209e-02 -6.109334266604250080e-03
-6.250000000000014211e+00 2.716327386454968629e-01 -4.818998879956785074e-03 -5.275409100743662372e-02 1.716846444750121938e-04
-5.859374999999985789e+00 2.657429589976874063e-01 -2.525170375832341135e-02 -5.144954845571359653e-02 6.492579746265881614e-03
-5.468750000000000000e+00 2.520336114942345884e-01 -4.469666520176101415e-02 -4.771205533613744054e-02 1.257886192665961730e-02
-5.078125000000000000e+00 2.310730527142753898e-01 -6.222937078077048212e-02 -4.169542168083366362e-02 1.810157760317729347e-02
-4.687500000000000000e+00 2.037756198657686701e-01 -7.701205087196279220e-02 -3.369368297086226816e-02 2.267546694632730647e-02
-4.296875000000000000e+00 1.713565705220754520e-01 -8.835185276514048724e-02 -2.415539030885541227e-02 2.590656760026237640e-02
-3.906250000000000000e+00 1.352637941503836705e-01 -9.575982688246137409e-02 -1.367088566625045479e-02 2.747927460517768025e-02
-3.515625000000000000e+00 9.708836720417848842e-02 -9.899784092424313009e-02 -2.922644424129874734e-03 2.725205998817669534e-02
-3.125000000000000000e+00 5.846147498744504178e-02 -9.809932305243593276e-02 7.397080927478738230e-03 2.532291315259450892e-02
-2.734375000000000000e+00 2.095003075284603694e-02 -9.335423821231764174e-02 1.668308586539450633e-02 2.203457876925762199e-02
-2.343750000000014211e+00 -1.403456886746122859e-02 -8.525759719620004673e-02 2.450265639055129036e-02 1.791196374817277670e-02
-1.953124999999985789e+00 -4.530182318674397246e-02 -7.443082145814391981e-02 3.064580728915844085e-02 1.354917995221993979e-02
-1.562500000000000000e+00 -7.191414773325907617e-02 -6.153275576345196285e-02 3.512698817762414938e-02 9.480359596108645787e-03
-1.171875000000000000e+00 -9.318526182906240740e-02 -4.717956810663122280e-02 3.813920656997030895e-02 6.070745142905886564e-03
-7.812500000000000000e-01 -1.086517680692346000e-01 -3.188981739595679599e-02 3.997409504577028455e-02 3.454334264990054949e-03
-3.906250000000000000e-01 -1.180298528235598915e-01 -1.606407416934300947e-02 4.092864795088124730e-02 1.528340661288774167e-03
0.000000000000000000e+00 -1.211710592302638612e-01 -1.788562415188787506e-16 4.122035446556446270e-02 4.542986315946292877e-17
3.906250000000000000e-01 -1.180298528235600164e-01 1.606407416934265558e-02 4.092864795088128893e-02 -1.528340661288678107e-03
7.812500000000000000e-01 -1.086517680692348775e-01 3.188981739595646292e-02 3.997409504577034700e-02 -3.454334264989954769e-03
1.171875000000000000e+00 -9.318526182906279598e-02 4.717956810663091749e-02 3.813920656997041303e-02 -6.070745142905780746e-03
1.562500000000000000e+00 -7.191414773325957577e-02 6.153275576345171999e-02 3.512698817762430203e-02 -9.480359596108545173e-03
1.953125000000000000e+00 -4.530182318674455533e-02 7.443082145814375328e-02 3.064580728915863861e-02 -1.354917995221985305e-02
2.343750000000000000e+00 -1.403456886746186696e-02 8.525759719619997734e-02 2.450265639055150893e-02 -1.791196374817272119e-02
2.734375000000000000e+00 2.095003075284536387e-02 9.335423821231764174e-02 1.668308586539474572e-02 -2.203457876925760811e-02
3.125000000000000000e+00 5.846147498744440341e-02 9.809932305243601602e-02 7.397080927478972417e-03 -2.532291315259454015e-02
3.515625000000000000e+00 9.708836720417790556e-02 9.899784092424332438e-02 -2.922644424129659628e-03 -2.725205998817677167e-02
3.906250000000000000e+00 1.352637941503831709e-01 9.575982688246162389e-02 -1.367088566625027611e-02 -2.747927460517779127e-02
4.296875000000000000e+00 1.713565705220750635e-01 8.835185276514080643e-02 -2.415539030885528043e-02 -2.590656760026250477e-02
4.687500000000000000e+00 2.037756198657684203e-01 7.701205087196315302e-02 -3.369368297086218489e-02 -2.267546694632743831e-02
5.078125000000000000e+00 2.310730527142752788e-01 6.222937078077086376e-02 -4.169542168083364281e-02 -1.810157760317741144e-02
5.468750000000000000e+00 2.520336114942346439e-01 4.469666520176139579e-02 -4.771205533613746830e-02 -1.257886192665972486e-02
5.859375000000000000e+00 2.657429589976875173e-01 2.525170375832377911e-02 -5.144954845571365898e-02 -6.492579746265972687e-03
6.250000000000000000e+00 2.716327386454971959e-01 4.818998879957119008e-03 -5.275409100743670698e-02 -1.716846444750903919e-04
6.640625000000000000e+00 2.695043501535128727e-01 -1.564042120068358244e-02 -5.158894531237352005e-02 6.109334266604178956e-03
7.031250000000000000e+00 2.595347472804009348e-01 -3.517139615477786474e-02 -4.801979770339188935e-02 1.209269601272304831e-02
7.421875000000000000e+00 2.422663812030370067e-01 -5.286455124762244606e-02 -4.221720377921803213e-02 1.749310835851470430e-02
7.812500000000000000e+00 2.185809660872826687e-01 -6.790008758933088751e-02 -3.447233361538510482e-02 2.197847596613664023e-02
8.203125000000000000e+00 1.896548474300606690e-01 -7.959814154256152074e-02 -2.521197885653300025e-02 2.519449997436355032e-02
8.593750000000000000e+00 1.568939107441498226e-01 -8.747198969711877936e-02 -1.499538584625972892e-02 2.683083088349519363e-02
8.984375000000000000e+00 1.218486742168425896e-01 -9.127430654863455395e-02 -4.480642816262984246e-03 2.670560866623663751e-02
9.375000000000000000e+00 8.611470349239722100e-02 -9.102401793681293152e-02 5.640034340051071869e-03 2.483437066287483286e-02
9.765625000000000000e+00 5.122806383840466937e-02 -8.700362212075282708e-02 1.472382316269347027e-02 2.145364262611089076e-02
1.015625000000000000e+01 1.856828415262801527e-02 -7.972353686885760848e-02 2.225883131831413869e-02 1.698702756748854056e-02
1.054687500000000000e+01 -1.071900048682868437e-02 -6.985851588517288935e-02 2.792245372431363323e-02 1.196379529589984558e-02
1.093750000000000000e+01 -3.577100047244478886e-02 -5.816821083164636780e-02 3.160282166097195394e-02 6.916526484487669699e-03
1.132812500000000000e+01 -5.602507037039496096e-02 -4.541709614129865735e-02 3.338127354919475515e-02 2.288714467545517779e-03
1.171875000000000000e+01 -7.120691418464600297e-02 -3.230755631927852839e-02 3.348466674459429221e-02 -1.624483088861857893e-03
1.210937500000000000e+01 -8.129677681217453711e-02 -1.943506279642277790e-02 3.222272467454900813e-02 -4.693376568274989537e-03
1.250000000000000000e+01 -8.648297672400245828e-02 -7.268119244286021935e-03 2.992631368368535091e-02 -6.933566031452538872e-03
1.289062500000000000e+01 -8.711204247861212280e-02 3.849929220777615138e-03 2.689878323374526523e-02 -8.461832580683913141e-03
1.328125000000000000e+01 -8.364279827519673083e-02 1.368375185258165552e-02 2.338664952796457377e-02 -9.443704247495687820e-03
1.367187500000000000e+01 -7.660886567772506872e-02 2.208138665199255515e-02 1.957019175632191896e-02 -1.004574194806709224e-02
1.406250000000000000e+01 -6.659106375139146883e-02 2.894926914684846364e-02 1.557033972849630049e-02 -1.040078265629700016e-02
1.445312500000000000e+01 -5.419873219996550195e-02 3.423219790063340706e-02 1.146600010958442536e-02 -1.058943177560569410e-02
1.484375000000000000e+01 -4.005741502140154620e-02 3.790106975398656319e-02 7.315491879631291772e-03 -1.063716986548201432e-02
1.523437500000000000e+01 -2.479970473954545840e-02 3.994886790482110595e-02 3.176556473343118692e-03 -1.052386287337996398e-02
1.562500000000000000e+01 -9.056244752804750581e-03 4.039351006229711938e-02 -8.790410115516441919e-04 -1.020113547499008552e-02
1.601562500000000000e+01 6.555311240341171741e-03 3.928496786343689540e-02 -4.758439942106253845e-03 -9.612760456558448741e-03
1.640625000000000000e+01 2.144445818429229628e-02 3.671360195974518459e-02 -8.348444338741789830e-03 -8.713723827299828945e-03
1.679687500000000000e+01 3.506501646450689569e-02 3.281684493106828970e-02 -1.152292386859932530e-02 -7.484738461879774339e-03
1.718750000000000000e+01 4.693422527370181424e-02 2.778203990657428235e-02 -1.415468261771878067e-02 -5.940439208763131397e-03
1.757812500000000000e+01 5.665197452191629568e-02 2.184418780221637074e-02 -1.612922719393667520e-02 -4.130977966424605359e-03
1.796875000000000000e+01 6.391810560535698960e-02 1.527834787821550147e-02 -1.735800242437150059e-02 -2.137928563497260882e-03
1.835937500000000000e+01 6.854578599804486694e-02 8.387295856951434633e-03 -1.778917013255601476e-02 -6.609553478267697364e-05
1.875000000000000000e+01 7.046932891483304040e-02 1.485667060977996501e-03 -1.741467419086076274e-02 1.967029451927163573e-03
1.914062500000000000e+01 6.974538769984464648e-02 -5.117825942811502805e-03 -1.627297985801871849e-02 3.842649127922808695e-03
1.953125000000000000e+01 6.654710801283042487e-02 -1.113837913789021174e-02 -1.444739703726663840e-02 5.451724480623530364e-03
1.992187500000000000e+01 6.115148976956372162e-02 -1.633160917601218787e-02 -1.206028999173917177e-02 6.704839156023974754e-03
2.031250000000000000e+01 5.392083446325730833e-02 -2.050709638177806299e-02 -9.263794117834405970e-03 7.540092436054572633e-03
2.070312500000000000e+01 4.527968270072656176e-02 -2.353776387852805907e-02 -6.227957491356371500e-03 7.928268925780850018e-03
2.109375000000000000e+01 3.568903612401390368e-02 -2.536431255476477575e-02 -3.127505902281074984e-03 7.874623520790505204e-03
2.148437500000000000e+01 2.561986521526760097e-02 -2.599444431388829579e-02 -1.286385912091963287e-04 7.416915741237511961e-03
2.187500000000000000e+01 1.552789914620935664e-02 -2.549717166115515743e-02 2.622690577940684463e-03 6.619847409345291922e-03
2.226562500000000000e+01 5.831469486121460509e-03 -2.399305238122183617e-02 5.009733906806434350e-03 5.566684582316832469e-03
2.265625000000000000e+01 -3.106235923577800335e-03 -2.164161078382358799e-02 6.950295891799457629e-03 4.349379376606484285e-03
2.304687500000000000e+01 -1.098969678623635225e-02 -1.862743256599080910e-02 8.398183129461020066e-03 3.058764419884650761e-03
2.343750000000000000e+01 -1.759813643048230986e-02 -1.514641066286963322e-02 9.341081907042934895e-03 1.776284393721534044e-03
2.382812500000000000e+01 -2.278746344093516424e-02 -1.139339050720993181e-02 9.795683616360590512e-03 5.682971507696130999e-04
2.421875000000000000e+01 -2.648780840739672904e-02 -7.552078940897169468e-03 9.801164752173780956e-03 -5.166356997676576539e-04
2.460937500000000000e+01 -2.869763592565909710e-02 -3.787632765230693026e-03 9.412169697150526287e-03 -1.447662375544171015e-03
2.500000000000000000e+01 -2.947549010269771147e-02 -2.419222657393752939e-04 8.692271487086039583e-03 -2.209416955350104218e-03
2.539062500000000000e+01 -2.893036290291738089e-02 2.968858110447459772e-03 7.708574537082121120e-03 -2.798552587147348693e-03
2.578125000000000000e+01 -2.721150502118730233e-02 5.754749351492911141e-03 6.527765816436546450e-03 -3.219932290813613211e-03
2.617187500000000000e+01 -2.449828209252571248e-02 8.051329651081441663e-03 5.213598093863403005e-03 -3.483206957961447556e-03
2.656250000000000000e+01 -2.099046352847824815e-02 9.818274616823540260e-03 3.825554259050878078e-03 -3.600243077975696145e-03
2.695312500000000000e+01 -1.689915263145086444e-02 1.103756618253835461e-02 2.418317201267357504e-03 -3.583577989751628862e-03
2.734375000000000000e+01 -1.243844395762457207e-02 1.171158681242448485e-02 1.041649786363361540e-03 -3.445837534693854502e-03
2.773437500000000000e+01 -7.817830528036159507e-03 1.186119086697571059e-02 -2.596496666404130450e-04 -3.199883723175033466e-03
2.812500000000000000e+01 -3.235370554014309688e-03 1.152373464309066307e-02 -1.445941527248335336e-03 -2.859378263356718904e-03
2.851562500000000000e+01 1.128355444347305635e-03 1.075098319069938031e-02 -2.483187878926135846e-03 -2.439443219535673835e-03
2.890624999999997158e+01 5.115429752874528675e-03 9.606796494713614604e-03 -3.343628085795974023e-03 -1.957153326697237510e-03
2.929687500000000000e+01 8.594823070627267622e-03 8.164522172415786955e-03 -4.006583203361441595e-03 -1.431681871438255944e-03
2.968750000000002842e+01 1.146553984942521622e-02 6.504073431096886460e-03 -4.459235211837103176e-03 -8.840207543859526958e-04
3.007812500000000000e+01 1.365856660401145069e-02 4.708734831733095601e-03 -4.697214415903074036e-03 -3.362870525807516026e-04
3.046875000000000000e+01 1.513753544595577288e-02 2.861800572955379169e-03 -4.724848096553557926e-03 1.892990110621980103e-04
3.085937500000000000e+01 1.589806622589276519e-02 1.043199543022959794e-03 -4.554966818806382642e-03 6.716321667310433830e-04
3.125000000000000000e+01 1.596581743598568526e-02 -6.737089709513372025e-04 -4.208221646554151200e-03 1.091981888974527352e-03
3.164062500000000000e+01 1.539334987670905146e-02 -2.224978644882170519e-03 -3.711926239004560008e-03 1.435140913733565053e-03
3.203125000000000000e+01 1.425597886938877526e-02 -3.558384994368864098e-03 -3.098494096544779364e-03 1.690330018291456545e-03
3.242187500000000000e+01 1.264685199189574324e-02 -4.635062955349389564e-03 -2.403586553999102326e-03 1.851761406107281429e-03
3.281250000000000000e+01 1.067153307125758011e-02 -5.430387887290652471e-03 -1.664116880268334125e-03 1.918807080466554448e-03
3.320312499999997158e+01 8.442394975317036102e-03 -5.934074378742168823e-03 -9.162674670007979645e-04 1.895766481723640045e-03
3.359375000000000000e+01 6.073121837343238918e-03 -6.149527793894847549e-03 -1.936701832428984558e-04 1.791273669604617107e-03
3.398437500000002842e+01 3.673596752629439133e-03 -6.092538008346364171e-03 4.741235974357594068e-04 1.617422732756426803e-03
3.437500000000000000e+01 1.345407250303104919e-03 -5.789447446272552415e-03 1.062793052459826441e-03 1.388715986383542338e-03
3.476562500000000000e+01 -8.218565715307560304e-04 -5.274952441045871118e-03 1.553971182080550418e-03 1.120949757380000069e-03
3.515625000000000000e+01 -2.753400915437948134e-03 -4.589706541711201758e-03 1.935538620907557676e-03 8.301466190740235205e-04
3.554687500000000000e+01 -4.391078858297765841e-03 -3.777887555476613229e-03 2.201524349492920557e-03 5.316230879711292441e-04
3.593750000000000000e+01 -5.694306936463153224e-03 -2.884869821496897392e-03 2.351678948512977204e-03 2.392526043728507214e-04
3.632812500000000000e+01 -6.640111799771858739e-03 -1.955113833052108275e-03 2.390803032797070554e-03 -3.504909938402910562e-05
3.671874999999997158e+01 -7.222408292636428584e-03 -1.030351782337447092e-03 2.327917976777017436e-03 -2.816196408843101278e-04
3.710937500000000000e+01 -7.450634466361407207e-03 -1.481144908705066482e-04 2.175359798339972228e-03 -4.931538158821511999e-04
3.749999999999997158e+01 -7.347880929499707447e-03 6.593838951041221556e-04 1.947863296730492806e-03 -6.646573064879269729e-04
3.789062500000000000e+01 -6.948653655464360687e-03 1.366009910457725764e-03 1.661686003467899471e-03 -7.932968260856977606e-04
3.828125000000002842e+01 -6.296403519208923147e-03 1.952145791533565003e-03 1.333803746146330210e-03 -8.781898911809487293e-04
3.867187500000000000e+01 -5.440945102445355133e-03 2.404827152896289386e-03 9.811943770592366013e-04 -9.201684102052689121e-04
3.906250000000000000e+01 -4.435873995705797226e-03 2.717619107074560267e-03 6.202150949769546021e-04 -9.215386634656393735e-04
3.945312500000000000e+01 -3.336077627147925832e-03 2.890267311563731595e-03 2.660722518757251479e-04 -8.858487930019775126e-04
3.984375000000000000e+01 -2.195420566263575970e-03 2.928159399400349222e-03 -6.761990884039106517e-05 -8.176657019001824789e-04
4.023437500000000000e+01 -1.064671673318556833e-03 2.841630888009073763e-03 -3.691946214417632724e-04 -7.223574424959351530e-04
4.062500000000000000e+01 1.027266801659557083e-05 2.645148850640769572e-03 -6.292030444962284788e-04 -6.058750119966121138e-04
4.101562499999997158e+01 9.898279850248797862e-04 2.356406711464583553e-03 -8.405984897726753420e-04 -4.745285005078527137e-04
4.140625000000000000e+01 1.841795741358044636e-03 1.995364344848612678e-03 -9.988317468988022925e-04 -3.347558027347870106e-04
4.179687500000002842e+01 2.542057441690431102e-03 1.583268737952534672e-03 -1.101854952696551190e-03 -1.928864598664207369e-04
4.218750000000000000e+01 3.074888234918943253e-03 1.141691163221939670e-03 -1.150033319167746010e-03 -5.490752535981758761e-05
4.257812500000000000e+01 3.432903451348275764e-03 6.916164550726279503e-04 -1.145967431222720198e-03 7.375826281771869983e-05
4.296875000000000000e+01 3.616665098463808098e-03 2.526180835948762735e-04 -1.094233259007921892e-03 1.884498747755525977e-04
4.335937500000000000e+01 3.633987834095395164e-03 -1.578510108390567337e-04 -1.001051834536766279e-03 2.854287802869214527e-04
4.375000000000000000e+01 3.498994610906299568e-03 -5.250274209570829527e-04 -8.739050119103333042e-04 3.619926950597958512e-04
4.414062500000000000e+01 3.230980368316906104e-03 -8.372488507613553167e-04 -7.211172309706985820e-04 4.165350080946679436e-04
4.453125000000000000e+01 2.853147309116402935e-03 -1.086199240804974851e-03 -5.514252607797739958e-04 4.485467472110858363e-04
4.492187500000000000e+01 2.391277127685900727e-03 -1.266987123136500797e-03 -3.735582487779300770e-04 4.585624497569840748e-04
4.531249999999997158e+01 1.872404002035176970e-03 -1.378065392800650879e-03 -1.958490110795874442e-04 4.480556103194806555e-04
4.570312500000000000e+01 1.323547432540423188e-03 -1.421008330828542159e-03 -2.589455228531952098e-05 4.192929676137269190e-04
4.609375000000002842e+01 7.705565514757404394e-04 -1.400167962333797624e-03 1.297203435219780598e-04 3.751593962872919533e-04
4.648437500000000000e+01 2.371079658790315597e-04 -1.322236303148643412e-03 2.656274862150838161e-04 3.189663891263259509e-04
4.687500000000000000e+01 -2.561117303243941150e-04 -1.195742553400721588e-03 3.778037513764504396e-04 2.542570398982302565e-04
4.726562500000000000e+01 -6.920191589096155987e-04 -1.030514846005000165e-03 4.636246233527697297e-04 1.846192236504072375e-04
4.765625000000000000e+01 -1.057534838417235543e-03 -8.371349337446811964e-04 5.218479699906985276e-04 1.135166027819538292e-04
4.804687500000000000e+01 -1.343773711612387869e-03 -6.264115115478569203e-04 5.525364786456183220e-04 4.414451577339304628e-05
4.843750000000000000e+01 -1.546037218508979029e-03 -4.088941084932826413e-04 5.569294086217771011e-04 -2.068490900754323537e-05
4.882812500000000000e+01 -1.663626332779794903e-03 -1.944450571831389876e-04 5.372755047024471882e-04 -7.862661618669844260e-05
4.921875000000000000e+01 -1.699500902435868276e-03 8.117658298959374435e-06 4.966391841580917706e-04 -1.278558103113219086e-04
4.960937499999997158e+01 -1.659814719922297465e-03 1.912985347703632022e-04 4.386916391768815125e-04 -1.670924358813798236e-04
5.000000000000000000e+01 -1.553358061299535452e-03 3.491198883183395168e-04 3.674975005957935997e-04 -1.955999924455015346e-04
5.039062500000002842e+01 -1.390940128318249921e-03 4.772345331482900476e-04 2.873063926705244362e-04 -2.131623073632542904e-04
5.078125000000000000e+01 -1.184743099576503547e-03 5.729592963729334115e-04 2.023572445993311467e-04 -2.200420861959447418e-04
5.117187500000000000e+01 -9.476775693822309934e-04 6.352356455101566650e-04 1.167017371658118788e-04 -2.169250045455131367e-04
5.156250000000000000e+01 -6.927662514373295489e-04 6.645259140985457832e-04 3.405182666459799761e-05 -2.048529180214125737e-04
5.195312500000000000e+01 -4.325791677692739437e-04 6.626552741534977049e-04 -4.234506530144421278e-05 -1.851495439825979659e-04
5.234375000000000000e+01 -1.787393379914192738e-04 6.326107554775516409e-04 -1.098008769971965562e-04 -1.593417671797422237e-04
5.273437500000000000e+01 5.848657614827520220e-05 5.783092816165629098e-04 -1.662506261177696667e-04 -1.290795603286044131e-04
5.312500000000000000e+01 2.705029477942772452e-04 5.043469052748144471e-04 -2.102850450075449966e-04 -9.605737714667313652e-05
5.351562500000000000e+01 4.506001896793475348e-04 4.157412030628285585e-04 -2.411532426972301242e-04 -6.193973627770265646e-05
5.390624999999997158e+01 5.940696530415505439e-04 3.176781523067644802e-04 -2.587375327601145478e-04 -2.829352921193944298e-05
5.429687500000000000e+01 6.982222224913535447e-04 2.152737900352795844e-04 -2.635035063649397800e-04 3.470682288484166350e-06
5.468750000000002842e+01 7.623181754403268728e-04 1.133595873033374155e-04 -2.564292457235425003e-04 3.214648617561131211e-05
5.507812500000000000e+01 7.874190493481723896e-04 1.629881759038914746e-05 -2.389182220301124676e-04 5.676714564490118950e-05
5.546875000000000000e+01 7.761747439557799277e-04 -7.216067064979908227e-05 -2.127008639014453008e-04 7.662799275972328843e-05
5.585937500000000000e+01 7.325608118063202390e-04 -1.489938628751225243e-04 -1.797299867144566687e-04 9.129548785831019964e-05
5.625000000000000000e+01 6.615818277285120952e-04 -2.119647806859161735e-04 -1.420752247256358569e-04 1.006033941547510458e-04
5.664062500000000000e+01 5.689568839276071266e-04 -2.596520474697282081e-04 -1.018213095013006594e-04 1.046371362127625129e-04
5.703125000000000000e+01 4.608026771443680947e-04 -2.914361836389924194e-04 -6.097451202452097013e-05 1.037079507474468910e-04
5.742187500000000000e+01 3.433284177894353750e-04 -3.074525498323417080e-04 -2.138085087736822654e-05 9.831885956107077468e-05
5.781250000000000000e+01 2.225550064695602792e-04 -3.085151007708340429e-04 1.534118299716287492e-05 8.912477093361978117e-05
5.820312499999997158e+01 1.040687201273038376e-04 -2.960170068613508787e-04 4.785156393662592586e-05 7.688913589707149776e-05
5.859375000000000000e+01 -7.182830836900688798e-06 -2.718147267526949129e-04 7.512245676407898302e-05 6.243955290262826613e-05
5.898437500000002842e+01 -1.070473279495484653e-04 -2.381022766833815196e-04 9.645476064674480448e-05 4.662454492831242733e-05
5.937500000000000000e+01 -1.922744172956868114e-04 -1.972822671378934162e-04 1.114783199270989516e-04 3.027345337798395888e-05
5.976562500000000000e+01 -2.605723775492077565e-04 -1.518398063151821242e-04 1.201373418557214433e-04 1.416103525700472890e-05
6.015625000000000000e+01 -3.106169819031305221e-04 -1.042246573872643994e-04 1.226631032013262429e-04 -1.022052256468078402e-06
6.054687500000000000e+01 -3.420166871142724888e-04 -5.674614347730456976e-05 1.195364091059426467e-04 -1.469211095991894769e-05
6.093750000000000000e+01 -3.552398437548631022e-04 -1.148428373388965529e-05 1.114424887054083976e-04 -2.638823682259117901e-05
6.132812500000000000e+01 -3.515107749341135970e-04 2.978042322166005867e-05 9.922108266318882541e-05 -3.578113016015850491e-05
6.171874999999997158e+01 -3.326823052289106658e-04 6.561722008120111221e-05 8.381441431035661915e-05 -4.267519786042427328e-05
6.210937500000000000e+01 -3.010926467628162462e-04 9.497498769294983670e-05 6.621555915160056566e-05 -4.700452679138288070e-05
6.250000000000002842e+01 -2.594144920073249844e-04 1.171924223836352417e-04 4.741945963107532108e-05 -4.882351097198231286e-05
6.289062500000000000e+01 -2.105037635324342321e-04 1.319899120978242427e-04 2.837849601979199055e-05 -4.829306106548733601e-05
6.328125000000002842e+01 -1.572547805979672420e-04 1.394452026116294908e-04 9.964141925893673507e-06 -4.566341666511607861e-05
6.367187500000000000e+01 -1.024676792438956874e-04 1.399554629146993953e-04 -7.064175497666948245e-06 -4.125462418761837585e-05
6.406250000000000000e+01 -4.873282848839172177e-05 1.341887150883959781e-04 -2.208230664763576045e-05 -3.543574080717201008e-05
6.445312500000000000e+01 1.664216341467489313e-06 1.230277889392450419e-04 -3.461640505552808153e-05 -2.860378253998407602e-05
6.484375000000000000e+01 4.681492929676980136e-05 1.075100016763213054e-04 -4.434983427442857132e-05 -2.116335704174300038e-05
6.523437500000000000e+01 8.523613905523242523e-05 8.876565981729908628e-05 -5.112239010970855060e-05 -1.350781372982923743e-05
6.562500000000000000e+01 1.158945730400887542e-04 6.795825067991163176e-05 -5.492257220050355930e-05 -6.002610703896484740e-06
6.601562499999997158e+01 1.382087871965216336e-04 4.622885450171389937e-05 -5.587388293520618825e-05 1.028554548047379280e-06
6.640625000000000000e+01 1.520305572576181354e-04 2.464688861710754436e-05 -5.421631337504504052e-05 7.314468933889350585e-06
6.679687500000002842e+01 1.576085402622898202e-04 4.168817330648180719e-06 -5.028429166635105946e-05 1.264377112245018957e-05
6.718750000000000000e+01 1.555375542448590720e-04 -1.439404887261866439e-05 -4.448241865748171417e-05 1.686892033015048326e-05
6.757812500000000000e+01 1.466971618557435381e-04 -3.039805769327859689e-05 -3.726030039808824607e-05 1.990688345883547504e-05
6.796875000000000000e+01 1.321833824262513835e-04 -4.337991479997152511e-05 -2.908771307039148546e-05 2.173679985716298925e-05
6.835937500000000000e+01 1.132373078652978982e-04 -5.305993052290183636e-05 -2.043121045103898220e-05 2.239500250280669624e-05
6.875000000000000000e+01 9.117417979392396232e-05 -5.933656715878196392e-05 -1.173311709874507933e-05 2.196786648527384624e-05
6.914062500000000000e+01 6.731612380339591084e-05 -6.227337132904135937e-05 -3.393653446621437697e-06 2.058301744017724828e-05
6.953125000000000000e+01 4.293126157342216920e-05 -6.207962569778312234e-05 4.243276057957438147e-06 1.839946307703298894e-05
6.992187500000000000e+01 1.918136546773079043e-05 -5.908621867858118021e-05 1.090032157952331229e-05 1.559721106042934007e-05
7.031249999999997158e+01 -2.920383296824841102e-06 -5.371830949040977063e-05 1.637285856738055975e-05 1.236690884151418236e-05
7.070312500000000000e+01 -2.254058998552542492e-05 -4.646636323048410067e-05 2.053119561875281496e-05 8.899989559788641300e-06
7.109375000000002842e+01 -3.904545469893445919e-05 -3.785705431085320538e-05 2.331910057231365886e-05 5.379737788769765536e-06
7.148437500000000000e+01 -5.200941319721558848e-05 -2.842539731536149195e-05 2.474907149420282719e-05 1.973605178189627787e-06
7.187500000000000000e+01 -6.121332492285691540e-05 -1.868927478212295545e-05 2.489489044322362732e-05 -1.172985418268707516e-06
7.226562500000000000e+01 -6.663333661205590730e-05 -9.127305486947637214e-06 2.388207277247925836e-05 -3.941202544037458733e-06
7.265625000000000000e+01 -6.842187051189600744e-05 -1.607487493046622085e-07 2.187686330284055632e-05 -6.241681940661637784e-06
7.304687500000000000e+01 -6.688240789927413221e-05 7.860116026196621586e-06 1.907443482225437519e-05 -8.015746566687048658e-06
7.343750000000000000e+01 -6.243986065999559965e-05 1.466494706247375296e-05 1.568691732358384536e-05 -9.235076367768895247e-06
7.382812500000000000e+01 -5.560835020089818781e-05 2.006768342617711032e-05 1.193183261393327560e-05 -9.899995381660621485e-06
7.421875000000000000e+01 -4.695815207419497261e-05 2.396653236331602183e-05 8.021433612991415996e-06 -1.003659178839817583e-05
7.460937499999997158e+01 -3.708342781241422137e-05 2.634003702569275539e-05 4.153356453373557855e-06 -9.692919778969298281e-06
7.500000000000000000e+01 -2.657216644554039053e-05 2.723980072835139644e-05 5.028921936526056791e-07 -8.934550612282269461e-06
7.539062500000002842e+01 -1.597951238823010212e-05 2.678054312901822533e-05 -2.782920783567233158e-06 -7.839744598902979346e-06
7.578125000000000000e+01 -5.805379904777127620e-06 2.512822167320509503e-05 -5.589287485507042630e-06 -6.494507168360703041e-06
7.617187500000000000e+01 3.523036867680851003e-06 2.248696959000328482e-05 -7.835733176418321899e-06 -4.987772259658265067e-06
7.656250000000000000e+01 1.166354024784849175e-05 1.908558267024480087e-05 -9.476359002836588774e-06 -3.406926970905485574e-06
7.695312500000000000e+01 1.836595052322198551e-05 1.516423545163889108e-05 -1.049844561709818713e-05 -1.833854895352121650e-06
7.734375000000000000e+01 2.347408277493783640e-05 1.096202881920374517e-05 -1.091963538159051658e-05 -3.416341697848844505e-07
7.773437500000000000e+01 2.692310546581868150e-05 6.705871687315290153e-06 -1.078396833243061917e-05 1.008017691356884876e-06
7.812500000000000000e+01 2.873288179880331000e-05 2.601086043999695230e-06 -1.015707438156514784e-05 2.166504335884313071e-06
7.851562500000000000e+01 2.899802346927049523e-05 -1.175996072425022909e-06 -9.120834549782952209e-06 3.099311055427406147e-06
7.890624999999997158e+01 2.787546752783948145e-05 -4.483296679564166554e-06 -7.767818434470039057e-06 3.786198504006181575e-06
7.929687500000000000e+01 2.557042146545882022e-05 -7.216086627471682280e-06 -6.195785372869674901e-06 4.220696463900532047e-06
7.968750000000002842e+01 2.232151231781887013e-05 -9.307987091325409246e-06 -4.502505140343594781e-06 4.408991614335798503e-06
8.007812500000000000e+01 1.838592734977259613e-05 -1.073004603920242606e-05 -2.781113170331056539e-06 4.368323285474165485e-06
8.046875000000000000e+01 1.402525292206607821e-05 -1.148813284939081275e-05 -1.116168058560781939e-06 4.125013756588104957e-06
8.085937500000000000e+01 9.492611627956448750e-06 -1.161894995020543511e-05 4.194715732784570772e-07 3.712264852963028175e-06
8.125000000000000000e+01 5.021573417848812504e-06 -1.118499603781474699e-05 1.766885119429406625e-06 3.167850846510535112e-06
8.164062500000000000e+01 8.171820058064382941e-07 -1.026883135207302955e-05 2.882426620614761403e-06 2.531829717866739340e-06
8.203125000000000000e+01 -2.950699117203192667e-06 -8.966992856883522489e-06 3.738188927336974499e-06 1.844381684567176355e-06
8.242187500000000000e+01 -6.151649364904976380e-06 -7.383887971357597224e-06 4.321663633668690330e-06 1.143866702276678110e-06
8.281250000000000000e+01 -8.696613042580986219e-06 -5.625962340955609209e-06 4.634697008297321286e-06 4.651726572312345209e-07
8.320312499999997158e+01 -1.053763836841858925e-05 -3.796393055425367757e-06 4.691865992553084785e-06 -1.615955410802505376e-07
8.359375000000000000e+01 -1.166567955409106294e-05 -1.990506982001843950e-06 4.518413679295042729e-06 -7.120575675123239079e-07
8.398437500000002842e+01 -1.210677509965287293e-05 -2.920677983908603892e-07 4.147890636065684061e-06 -1.168122587087358499e-06
8.437500000000000000e+01 -1.191696035445291568e-05 1.229481924411995886e-06 3.619647500467367343e-06 -1.518189284185379739e-06
8.476562500000000000e+01 -1.117629519176675801e-05 2.520792703099988818e-06 2.976316304712043476e-06 -1.757009524165978331e-06
8.515625000000000000e+01 -9.982389542775166325e-06 3.545414452948286721e-06 2.261404090812390438e-06 -1.885257729431627505e-06
8.554687500000000000e+01 -8.443792637220087771e-06 4.283702170832653922e-06 1.517103848963641255e-06 -1.908858157855658488e-06
8.593750000000000000e+01 -6.673578915275535373e-06 4.731922891019688104e-06 7.824060405748137215e-07 -1.838128761161121616e-06
8.632812500000000000e+01 -4.783418010259610220e-06 4.900693765314684258e-06 9.157036245238669991e-08 -1.686803218342407262e-06
8.671874999999997158e+01 -2.878361540920026940e-06 4.812899713745218133e-06 -5.270066699078479466e-07 -1.470992300285287047e-06
8.710937500000000000e+01 -1.052519351354974653e-06 4.501248393535845632e-06 -1.051516050816839187e-06 -1.208142285536589755e-06
8.749999999999997158e+01 6.142641593570585812e-07 4.005620760012904708e-06 -1.467061711493342080e-06 -9.160421859106919473e-07
8.789062500000000000e+01 2.058683603839428500e-06 3.370368146677141241e-06 -1.765614955601124691e-06 -6.119236047995996186e-07
8.828125000000002842e+01 3.235202470475151415e-06 2.641692775993964570e-06 -1.945641147214904887e-06 -3.116877358938594661e-07
8.867187500000000000e+01 4.116295547987314229e-06 1.865229340730634178e-06 -2.011453419575870427e-06 -2.928392221920005090e-08
8.906250000000000000e+01 4.691801732886052845e-06 1.083922300804118777e-06 -1.972355702678507683e-06 2.237460781312830549e-07
8.945312500000000000e+01 4.967517142756387727e-06 3.362683815635869600e-07 -1.841640936499008840e-06 4.385538919784645606e-07
8.984375000000000000e+01 4.963180558618593419e-06 -3.450320536987905307e-07 -1.635510178458338126e-06 6.091052623079240558e-07
9.023437500000000000e+01 4.710015334332545711e-06 -9.339961724030843015e-07 -1.371974828876486308e-06 7.321484594841054516e-07
9.062500000000000000e+01 4.247994567760371432e-06 -1.411856957636570264e-06 -1.069797918144561183e-06 8.070495086925227879e-07
9.101562499999997158e+01 3.622990474870524391e-06 -1.767163447727315706e-06 -7.475219480392036875e-07 8.355180798925998520e-07
9.140625000000000000e+01 2.883955829383055836e-06 -1.995524414349914011e-06 -4.226208300799755291e-07 8.212508416129138400e-07
9.179687500000002842e+01 2.080266530646301959e-06 -2.099049541327835389e-06 -1.108027007368228567e-07 7.695203017733104334e-07
9.218750000000000000e+01 1.259331480485403887e-06 -2.085550490443788263e-06 1.745205249412129511e-07 6.867367572244154061e-07
9.257812500000000000e+01 4.645506408579302970e-07 -1.967568366588456907e-06 4.225914735436764325e-07 5.800091350087466235e-07
9.296875000000000000e+01 -2.663239986600007825e-07 -1.761294302373567211e-06 6.254976334316153519e-07 4.567274777189309076e-07
9.335937500000000000e+01 -9.023953468634271502e-07 -1.485446630870163043e-06 7.782059440186728239e-07 3.241858876940235945e-07
9.375000000000000000e+01 -1.420390512013591788e-06 -1.160161998379170833e-06 8.784604016744135269e-07 1.892602096787495292e-07
9.414062500000000000e+01 -1.805007803640235053e-06 -8.059494788544702137e-07 9.265660700225053503e-07 5.814991005988895401e-08
9.453125000000000000e+01 -2.048874059745742215e-06 -4.427470172221892319e-07 9.250856333152535083e-07 -6.381119620896269495e-08
9.492187500000000000e+01 -2.152158255303016077e-06 -8.910908090575819784e-08 8.784755517778075617e-07 -1.722752413450129305e-07
9.531249999999997158e+01 -2.121896575918436056e-06 2.384560749413289216e-07 7.926881264996854526e-07 -2.639354967342438796e-07
9.570312500000000000e+01 -1.971089368807410480e-06 5.259910152433100450e-07 6.747635980033916958e-07 -3.365236371476176824e-07
9.609375000000002842e+01 -1.717631946895892270e-06 7.624358997829205897e-07 5.324330881219252465e-07 -3.887587265612169052e-07
9.648437500000000000e+01 -1.383139619420825639e-06 9.398250659931051132e-07 3.737490878810440648e-07 -4.202591501380886774e-07
9.687500000000000000e+01 -9.917231779538182579e-07 1.053346706164637325e-06 2.067556507975680524e-07 -4.314293806095825801e-07
9.726562500000000000e+01 -5.687650662025006687e-07 1.101282767847211463e-06 3.920581977644166383e-08 -4.233332626980834679e-07
9.765625000000000000e+01 -1.397393116966266779e-07 1.084848276544647661e-06 -1.216705790493821659e-07 -3.975645152202306187e-07
9.804687500000000000e+01 2.708893389984090572e-07 1.007949724615708753e-06 -2.693495220855435246e-07 -3.561235194481093824e-07
9.843750000000000000e+01 6.406591710264586403e-07 8.768812386726609898e-07 -3.981496417247709640e-07 -3.013073444323166594e-07
9.882812500000000000e+01 9.499771772697451766e-07 6.999752484131149810e-07 -5.033294846676361622e-07 -2.356175385518841092e-07
9.921875000000000000e+01 1.182841724255145888e-06 4.872217014249835554e-07 -5.811525867691069713e-07 -1.616876815118198363e-07
9.960937499999997158e+01 1.327412179480402799e-06 2.498668851078772457e-07 -6.289280698214272380e-07 -8.223023212187725167e-08
